<!-- Generated by pkgdown: do not edit by hand -->
<!DOCTYPE html>
<html lang="en">
  <head>
  <meta charset="utf-8">
<meta http-equiv="X-UA-Compatible" content="IE=edge">
<meta name="viewport" content="width=device-width, initial-scale=1.0">

<title>Generate a list of simulated sample matrices sampled from the Wishart distribution — simulate_matrix • psychmeta</title>


<!-- jquery -->
<script src="https://cdnjs.cloudflare.com/ajax/libs/jquery/3.4.1/jquery.min.js" integrity="sha256-CSXorXvZcTkaix6Yvo6HppcZGetbYMGWSFlBw8HfCJo=" crossorigin="anonymous"></script>
<!-- Bootstrap -->
<link href="https://cdnjs.cloudflare.com/ajax/libs/bootswatch/3.4.0/flatly/bootstrap.min.css" rel="stylesheet" crossorigin="anonymous" />


<script src="https://cdnjs.cloudflare.com/ajax/libs/twitter-bootstrap/3.4.1/js/bootstrap.min.js" integrity="sha256-nuL8/2cJ5NDSSwnKD8VqreErSWHtnEP9E7AySL+1ev4=" crossorigin="anonymous"></script>

<!-- bootstrap-toc -->
<link rel="stylesheet" href="../bootstrap-toc.css">
<script src="../bootstrap-toc.js"></script>

<!-- Font Awesome icons -->
<link rel="stylesheet" href="https://cdnjs.cloudflare.com/ajax/libs/font-awesome/5.12.1/css/all.min.css" integrity="sha256-mmgLkCYLUQbXn0B1SRqzHar6dCnv9oZFPEC1g1cwlkk=" crossorigin="anonymous" />
<link rel="stylesheet" href="https://cdnjs.cloudflare.com/ajax/libs/font-awesome/5.12.1/css/v4-shims.min.css" integrity="sha256-wZjR52fzng1pJHwx4aV2AO3yyTOXrcDW7jBpJtTwVxw=" crossorigin="anonymous" />

<!-- clipboard.js -->
<script src="https://cdnjs.cloudflare.com/ajax/libs/clipboard.js/2.0.6/clipboard.min.js" integrity="sha256-inc5kl9MA1hkeYUt+EC3BhlIgyp/2jDIyBLS6k3UxPI=" crossorigin="anonymous"></script>

<!-- headroom.js -->
<script src="https://cdnjs.cloudflare.com/ajax/libs/headroom/0.11.0/headroom.min.js" integrity="sha256-AsUX4SJE1+yuDu5+mAVzJbuYNPHj/WroHuZ8Ir/CkE0=" crossorigin="anonymous"></script>
<script src="https://cdnjs.cloudflare.com/ajax/libs/headroom/0.11.0/jQuery.headroom.min.js" integrity="sha256-ZX/yNShbjqsohH1k95liqY9Gd8uOiE1S4vZc+9KQ1K4=" crossorigin="anonymous"></script>

<!-- pkgdown -->
<link href="../pkgdown.css" rel="stylesheet">
<script src="../pkgdown.js"></script>




<meta property="og:title" content="Generate a list of simulated sample matrices sampled from the Wishart distribution — simulate_matrix" />
<meta property="og:description" content="This function generates simulated sample matrices based on a population matrix and a sample size. It uses the Wishart distribution (i.e., the multivariate \(\chi^2\) distribution) to obtain data, rescales the data into the input metric, and can be standardized into a correlation matrix by setting as_cor to TRUE.
The function can produce a list of matrices for any number of samples." />




<!-- mathjax -->
<script src="https://cdnjs.cloudflare.com/ajax/libs/mathjax/2.7.5/MathJax.js" integrity="sha256-nvJJv9wWKEm88qvoQl9ekL2J+k/RWIsaSScxxlsrv8k=" crossorigin="anonymous"></script>
<script src="https://cdnjs.cloudflare.com/ajax/libs/mathjax/2.7.5/config/TeX-AMS-MML_HTMLorMML.js" integrity="sha256-84DKXVJXs0/F8OTMzX4UR909+jtl4G7SPypPavF+GfA=" crossorigin="anonymous"></script>

<!--[if lt IE 9]>
<script src="https://oss.maxcdn.com/html5shiv/3.7.3/html5shiv.min.js"></script>
<script src="https://oss.maxcdn.com/respond/1.4.2/respond.min.js"></script>
<![endif]-->



  </head>

  <body data-spy="scroll" data-target="#toc">
    <div class="container template-reference-topic">
      <header>
      <div class="navbar navbar-default navbar-fixed-top" role="navigation">
  <div class="container">
    <div class="navbar-header">
      <button type="button" class="navbar-toggle collapsed" data-toggle="collapse" data-target="#navbar" aria-expanded="false">
        <span class="sr-only">Toggle navigation</span>
        <span class="icon-bar"></span>
        <span class="icon-bar"></span>
        <span class="icon-bar"></span>
      </button>
      <span class="navbar-brand">
        <a class="navbar-link" href="../index.html">psychmeta</a>
        <span class="version label label-default" data-toggle="tooltip" data-placement="bottom" title="Released version">2.4.0</span>
      </span>
    </div>

    <div id="navbar" class="navbar-collapse collapse">
      <ul class="nav navbar-nav">
        <li>
  <a href="../index.html">
    <span class="fas fa-home fa-lg"></span>
     
  </a>
</li>
<li>
  <a href="../reference/index.html">Reference</a>
</li>
<li class="dropdown">
  <a href="#" class="dropdown-toggle" data-toggle="dropdown" role="button" aria-expanded="false">
    Articles
     
    <span class="caret"></span>
  </a>
  <ul class="dropdown-menu" role="menu">
    <li>
      <a href="../articles/artifact_corrections.html">Correcting for artifacts in meta-analyses</a>
    </li>
    <li>
      <a href="../articles/composites.html">Computing composite effect sizes and artifacts</a>
    </li>
    <li>
      <a href="../articles/dependency.html">Handling effect size dependency</a>
    </li>
    <li>
      <a href="../articles/es_conversion.html">Converting effect sizes and applying sporadic artifact corrections</a>
    </li>
    <li>
      <a href="../articles/heterogeneity.html">Heterogeneity analyses</a>
    </li>
    <li>
      <a href="../articles/import_organize.html">Importing and organizing meta-analytic data</a>
    </li>
    <li>
      <a href="../articles/ma_d.html">Meta-analyzing d values</a>
    </li>
    <li>
      <a href="../articles/ma_options.html">Meta-analysis function arguments and options</a>
    </li>
    <li>
      <a href="../articles/ma_r.html">Meta-analyzing correlations</a>
    </li>
    <li>
      <a href="../articles/matrix_regression.html">Linear regression with covariance (correlation) matrices</a>
    </li>
    <li>
      <a href="../articles/moderator_analysis.html">Moderator analyses and meta-regression</a>
    </li>
    <li>
      <a href="../articles/multivariate_range_restriction.html">Multivariate range-restriction correction</a>
    </li>
    <li>
      <a href="../articles/output_results.html">Outputing meta-analysis results to Markdown, Word, or other formats</a>
    </li>
    <li>
      <a href="../articles/overview.html">psychmeta Overview</a>
    </li>
    <li>
      <a href="../articles/plots.html">Plotting meta-analysis results</a>
    </li>
    <li>
      <a href="../articles/sensitivity.html">Sensitivity analyses</a>
    </li>
    <li>
      <a href="../articles/simulation.html">Simulating psychometric data and meta-analyses</a>
    </li>
    <li>
      <a href="../articles/workshop.html">Welcome to psychmeta!</a>
    </li>
  </ul>
</li>
      </ul>
      <ul class="nav navbar-nav navbar-right">
        <li>
  <a href="https://github.com/psychmeta/psychmeta/">
    <span class="fab fa-github fa-lg"></span>
     
  </a>
</li>
      </ul>
      
    </div><!--/.nav-collapse -->
  </div><!--/.container -->
</div><!--/.navbar -->

      

      </header>

<div class="row">
  <div class="col-md-9 contents">
    <div class="page-header">
    <h1>Generate a list of simulated sample matrices sampled from the Wishart distribution</h1>
    <small class="dont-index">Source: <a href='https://github.com/psychmeta/psychmeta/blob/master/R/simulate.R'><code>R/simulate.R</code></a></small>
    <div class="hidden name"><code>simulate_matrix.Rd</code></div>
    </div>

    <div class="ref-description">
    <p>This function generates simulated sample matrices based on a population matrix and a sample size. It uses the Wishart distribution (i.e., the multivariate \(\chi^2\) distribution) to obtain data, rescales the data into the input metric, and can be standardized into a correlation matrix by setting <code>as_cor</code> to <code>TRUE</code>.
The function can produce a list of matrices for any number of samples.</p>
    </div>

    <pre class="usage"><span class='fu'>simulate_matrix</span><span class='op'>(</span><span class='va'>sigma</span>, <span class='va'>n</span>, k <span class='op'>=</span> <span class='fl'>1</span>, as_cor <span class='op'>=</span> <span class='cn'>FALSE</span><span class='op'>)</span></pre>

    <h2 class="hasAnchor" id="arguments"><a class="anchor" href="#arguments"></a>Arguments</h2>
    <table class="ref-arguments">
    <colgroup><col class="name" /><col class="desc" /></colgroup>
    <tr>
      <th>sigma</th>
      <td><p>Population covariance matrix. May be standardized or unstandardized.</p></td>
    </tr>
    <tr>
      <th>n</th>
      <td><p>Sample size for simulated sample matrices.</p></td>
    </tr>
    <tr>
      <th>k</th>
      <td><p>Number of sample matrices to generate.</p></td>
    </tr>
    <tr>
      <th>as_cor</th>
      <td><p>Should the simulated matrices be standardized (<code>TRUE</code>) or unstandardized (<code>FALSE</code>)?</p></td>
    </tr>
    </table>

    <h2 class="hasAnchor" id="value"><a class="anchor" href="#value"></a>Value</h2>

    <p>A list of simulated sample matrices.</p>

    <h2 class="hasAnchor" id="examples"><a class="anchor" href="#examples"></a>Examples</h2>
    <pre class="examples"><div class='input'><span class='co'>## Define a hypothetical matrix:</span>
<span class='va'>sigma</span> <span class='op'>&lt;-</span> <span class='fu'><a href='reshape_vec2mat.html'>reshape_vec2mat</a></span><span class='op'>(</span>cov <span class='op'>=</span> <span class='fl'>.4</span>, order <span class='op'>=</span> <span class='fl'>5</span><span class='op'>)</span>

<span class='co'>## Simualte a list of unstandardized covariance matrices:</span>
<span class='fu'>simulate_matrix</span><span class='op'>(</span>sigma <span class='op'>=</span> <span class='va'>sigma</span>, n <span class='op'>=</span> <span class='fl'>50</span>, k <span class='op'>=</span> <span class='fl'>10</span>, as_cor <span class='op'>=</span> <span class='cn'>FALSE</span><span class='op'>)</span>
</div><div class='output co'>#&gt; $`Sample 1`
#&gt;           Var1      Var2      Var3      Var4      Var5
#&gt; Var1 1.0683364 0.3473643 0.4838062 0.4323141 0.2290617
#&gt; Var2 0.3473643 0.8056304 0.3338216 0.2336477 0.2771231
#&gt; Var3 0.4838062 0.3338216 1.1043261 0.4362124 0.2794521
#&gt; Var4 0.4323141 0.2336477 0.4362124 0.8446489 0.2183814
#&gt; Var5 0.2290617 0.2771231 0.2794521 0.2183814 0.9628289
#&gt; 
#&gt; $`Sample 2`
#&gt;           Var1      Var2      Var3      Var4      Var5
#&gt; Var1 0.9345340 0.4159207 0.3561820 0.2759175 0.1603988
#&gt; Var2 0.4159207 1.2591666 0.6478552 0.3512885 0.3632822
#&gt; Var3 0.3561820 0.6478552 1.2859956 0.4082996 0.4153353
#&gt; Var4 0.2759175 0.3512885 0.4082996 0.6018280 0.2063425
#&gt; Var5 0.1603988 0.3632822 0.4153353 0.2063425 0.8694426
#&gt; 
#&gt; $`Sample 3`
#&gt;           Var1       Var2       Var3       Var4       Var5
#&gt; Var1 0.8607192 0.35328775 0.11030555 0.24158927 0.28796245
#&gt; Var2 0.3532878 0.74437854 0.08241279 0.31451568 0.14557528
#&gt; Var3 0.1103055 0.08241279 0.49803594 0.09739064 0.04866251
#&gt; Var4 0.2415893 0.31451568 0.09739064 0.67059418 0.18371540
#&gt; Var5 0.2879625 0.14557528 0.04866251 0.18371540 0.84299559
#&gt; 
#&gt; $`Sample 4`
#&gt;           Var1      Var2      Var3      Var4      Var5
#&gt; Var1 0.7533902 0.3193048 0.4226988 0.4039051 0.3042532
#&gt; Var2 0.3193048 0.9952307 0.4273556 0.3876090 0.4385034
#&gt; Var3 0.4226988 0.4273556 0.8476912 0.4111993 0.3954772
#&gt; Var4 0.4039051 0.3876090 0.4111993 0.9698303 0.3422877
#&gt; Var5 0.3042532 0.4385034 0.3954772 0.3422877 0.9365318
#&gt; 
#&gt; $`Sample 5`
#&gt;           Var1      Var2      Var3      Var4      Var5
#&gt; Var1 0.8355127 0.3160253 0.3095169 0.2742366 0.4392838
#&gt; Var2 0.3160253 0.7546977 0.4553412 0.3206004 0.4305910
#&gt; Var3 0.3095169 0.4553412 1.0510751 0.3637123 0.5857690
#&gt; Var4 0.2742366 0.3206004 0.3637123 0.8648559 0.4165791
#&gt; Var5 0.4392838 0.4305910 0.5857690 0.4165791 1.0969169
#&gt; 
#&gt; $`Sample 6`
#&gt;           Var1      Var2      Var3      Var4      Var5
#&gt; Var1 1.3727987 0.4608626 0.3430505 0.6138211 0.4812637
#&gt; Var2 0.4608626 1.0660014 0.4510476 0.5765529 0.5548843
#&gt; Var3 0.3430505 0.4510476 0.7897439 0.4981923 0.4268082
#&gt; Var4 0.6138211 0.5765529 0.4981923 1.2175105 0.7462946
#&gt; Var5 0.4812637 0.5548843 0.4268082 0.7462946 1.3507669
#&gt; 
#&gt; $`Sample 7`
#&gt;           Var1      Var2      Var3      Var4      Var5
#&gt; Var1 0.8062211 0.5190346 0.2004088 0.2275253 0.3630753
#&gt; Var2 0.5190346 1.0376631 0.2702969 0.4092047 0.5237935
#&gt; Var3 0.2004088 0.2702969 0.8232760 0.2720221 0.1609581
#&gt; Var4 0.2275253 0.4092047 0.2720221 0.6643051 0.2449200
#&gt; Var5 0.3630753 0.5237935 0.1609581 0.2449200 1.0468297
#&gt; 
#&gt; $`Sample 8`
#&gt;           Var1      Var2      Var3      Var4      Var5
#&gt; Var1 1.0459203 0.3216995 0.4114503 0.2833668 0.4652524
#&gt; Var2 0.3216995 0.6075279 0.3727611 0.2595439 0.2651401
#&gt; Var3 0.4114503 0.3727611 0.9080435 0.2325271 0.1533405
#&gt; Var4 0.2833668 0.2595439 0.2325271 0.7373389 0.1534255
#&gt; Var5 0.4652524 0.2651401 0.1533405 0.1534255 0.9891237
#&gt; 
#&gt; $`Sample 9`
#&gt;           Var1      Var2      Var3      Var4      Var5
#&gt; Var1 1.3948231 0.6926985 0.3333452 0.5078066 0.5225731
#&gt; Var2 0.6926985 1.0649326 0.2830735 0.3680131 0.4232601
#&gt; Var3 0.3333452 0.2830735 0.7342637 0.3236488 0.3462927
#&gt; Var4 0.5078066 0.3680131 0.3236488 0.8435914 0.3290280
#&gt; Var5 0.5225731 0.4232601 0.3462927 0.3290280 0.9189670
#&gt; 
#&gt; $`Sample 10`
#&gt;           Var1      Var2      Var3      Var4      Var5
#&gt; Var1 1.1069973 0.6978940 0.4756483 0.2150381 0.3601556
#&gt; Var2 0.6978940 0.8916490 0.4104308 0.2868680 0.3010647
#&gt; Var3 0.4756483 0.4104308 0.7118901 0.2678608 0.2182475
#&gt; Var4 0.2150381 0.2868680 0.2678608 0.7575259 0.2559988
#&gt; Var5 0.3601556 0.3010647 0.2182475 0.2559988 0.6892784
#&gt; </div><div class='input'>
<span class='co'>## Simualte a list of correlation matrices:</span>
<span class='fu'>simulate_matrix</span><span class='op'>(</span>sigma <span class='op'>=</span> <span class='va'>sigma</span>, n <span class='op'>=</span> <span class='fl'>50</span>, k <span class='op'>=</span> <span class='fl'>10</span>, as_cor <span class='op'>=</span> <span class='cn'>TRUE</span><span class='op'>)</span>
</div><div class='output co'>#&gt; $`Sample 1`
#&gt;           Var1      Var2      Var3      Var4      Var5
#&gt; Var1 1.0000000 0.5282607 0.5251390 0.4805475 0.3744626
#&gt; Var2 0.5282607 1.0000000 0.4240135 0.4257780 0.2983002
#&gt; Var3 0.5251390 0.4240135 1.0000000 0.4636513 0.4934199
#&gt; Var4 0.4805475 0.4257780 0.4636513 1.0000000 0.5195001
#&gt; Var5 0.3744626 0.2983002 0.4934199 0.5195001 1.0000000
#&gt; 
#&gt; $`Sample 2`
#&gt;           Var1      Var2      Var3      Var4      Var5
#&gt; Var1 1.0000000 0.3492999 0.3346629 0.3074550 0.3610874
#&gt; Var2 0.3492999 1.0000000 0.3848689 0.3727775 0.3947252
#&gt; Var3 0.3346629 0.3848689 1.0000000 0.3561384 0.4467760
#&gt; Var4 0.3074550 0.3727775 0.3561384 1.0000000 0.3135572
#&gt; Var5 0.3610874 0.3947252 0.4467760 0.3135572 1.0000000
#&gt; 
#&gt; $`Sample 3`
#&gt;           Var1      Var2      Var3      Var4      Var5
#&gt; Var1 1.0000000 0.4762906 0.5628236 0.3867214 0.4540104
#&gt; Var2 0.4762906 1.0000000 0.6120597 0.4552400 0.4956264
#&gt; Var3 0.5628236 0.6120597 1.0000000 0.3850610 0.4133984
#&gt; Var4 0.3867214 0.4552400 0.3850610 1.0000000 0.3857532
#&gt; Var5 0.4540104 0.4956264 0.4133984 0.3857532 1.0000000
#&gt; 
#&gt; $`Sample 4`
#&gt;           Var1      Var2      Var3      Var4      Var5
#&gt; Var1 1.0000000 0.5378410 0.3387209 0.3956402 0.5362296
#&gt; Var2 0.5378410 1.0000000 0.3480725 0.5374853 0.6043317
#&gt; Var3 0.3387209 0.3480725 1.0000000 0.4579758 0.4384663
#&gt; Var4 0.3956402 0.5374853 0.4579758 1.0000000 0.6361192
#&gt; Var5 0.5362296 0.6043317 0.4384663 0.6361192 1.0000000
#&gt; 
#&gt; $`Sample 5`
#&gt;           Var1      Var2      Var3      Var4      Var5
#&gt; Var1 1.0000000 0.4908583 0.4568105 0.3680510 0.2610223
#&gt; Var2 0.4908583 1.0000000 0.4812614 0.4138212 0.2882620
#&gt; Var3 0.4568105 0.4812614 1.0000000 0.4497032 0.2753690
#&gt; Var4 0.3680510 0.4138212 0.4497032 1.0000000 0.4099602
#&gt; Var5 0.2610223 0.2882620 0.2753690 0.4099602 1.0000000
#&gt; 
#&gt; $`Sample 6`
#&gt;             Var1      Var2      Var3      Var4        Var5
#&gt; Var1  1.00000000 0.2751139 0.3557941 0.3253125 -0.01847821
#&gt; Var2  0.27511389 1.0000000 0.1426664 0.1960688  0.13811250
#&gt; Var3  0.35579406 0.1426664 1.0000000 0.2832819  0.27762262
#&gt; Var4  0.32531248 0.1960688 0.2832819 1.0000000  0.34414229
#&gt; Var5 -0.01847821 0.1381125 0.2776226 0.3441423  1.00000000
#&gt; 
#&gt; $`Sample 7`
#&gt;           Var1      Var2      Var3      Var4      Var5
#&gt; Var1 1.0000000 0.5071588 0.3113188 0.5057508 0.5029372
#&gt; Var2 0.5071588 1.0000000 0.3604981 0.3709960 0.4071177
#&gt; Var3 0.3113188 0.3604981 1.0000000 0.5785768 0.4184082
#&gt; Var4 0.5057508 0.3709960 0.5785768 1.0000000 0.5764721
#&gt; Var5 0.5029372 0.4071177 0.4184082 0.5764721 1.0000000
#&gt; 
#&gt; $`Sample 8`
#&gt;           Var1      Var2      Var3      Var4      Var5
#&gt; Var1 1.0000000 0.4038451 0.6262862 0.4920425 0.4757643
#&gt; Var2 0.4038451 1.0000000 0.5093327 0.4694287 0.3345657
#&gt; Var3 0.6262862 0.5093327 1.0000000 0.6252262 0.4155766
#&gt; Var4 0.4920425 0.4694287 0.6252262 1.0000000 0.1908506
#&gt; Var5 0.4757643 0.3345657 0.4155766 0.1908506 1.0000000
#&gt; 
#&gt; $`Sample 9`
#&gt;           Var1      Var2      Var3      Var4      Var5
#&gt; Var1 1.0000000 0.1828855 0.3259527 0.3981729 0.1710999
#&gt; Var2 0.1828855 1.0000000 0.4757279 0.3967386 0.2550562
#&gt; Var3 0.3259527 0.4757279 1.0000000 0.2716189 0.3291192
#&gt; Var4 0.3981729 0.3967386 0.2716189 1.0000000 0.3011394
#&gt; Var5 0.1710999 0.2550562 0.3291192 0.3011394 1.0000000
#&gt; 
#&gt; $`Sample 10`
#&gt;           Var1      Var2      Var3       Var4       Var5
#&gt; Var1 1.0000000 0.1088464 0.2156792 0.24490946 0.39186392
#&gt; Var2 0.1088464 1.0000000 0.5264771 0.27527218 0.40679912
#&gt; Var3 0.2156792 0.5264771 1.0000000 0.17097322 0.36078538
#&gt; Var4 0.2449095 0.2752722 0.1709732 1.00000000 0.08012169
#&gt; Var5 0.3918639 0.4067991 0.3607854 0.08012169 1.00000000
#&gt; </div></pre>
  </div>
  <div class="col-md-3 hidden-xs hidden-sm" id="pkgdown-sidebar">
    <nav id="toc" data-toggle="toc" class="sticky-top">
      <h2 data-toc-skip>Contents</h2>
    </nav>
  </div>
</div>


      <footer>
      <div class="copyright">
  <p>Developed by Jeffrey A. Dahlke, Brenton M. Wiernik.</p>
</div>

<div class="pkgdown">
  <p>Site built with <a href="https://pkgdown.r-lib.org/">pkgdown</a> 1.6.1.</p>
</div>

      </footer>
   </div>

  


  </body>
</html>


